
[data]
trigger-time = 1257475423.4045432
injection-file = /work/shashwat.singh/3gsky/config/injection.hdf

[global]
instruments = E1 E2 E3
mass1_ref = 4.5628426965684685
mass2_ref = 4.562842694331403
minchirp = 3.9720852787555465
maxchirp = 3.972285278755547
mincov = 76418549998.54396
maxcov = 7641854999854.3955
fhigh = 7.565585211665142
