
[data]
trigger-time = 1598936449.0726748
injection-file = /work/shashwat.singh/3gsky/config/injection.hdf

[global]
instruments = E1 E2 E3
mass1_ref = 3.9800464174613617
mass2_ref = 3.9800464162738765
minchirp = 3.4647316501488263
maxchirp = 3.4649316501488268
mincov = 54639597857.173
maxcov = 5463959785717.3
fhigh = 8.239302404283675
