
[data]
trigger-time = 1638035081.3446267
injection-file = /work/shashwat.singh/3gsky/config/injection.hdf

[global]
instruments = E1 E2 E3
mass1_ref = 1.9326624618383101
mass2_ref = 1.9326624628680547
minchirp = 1.6823803952628373
maxchirp = 1.6825803952628373
mincov = 1497749072.3699164
maxcov = 149774907236.99164
fhigh = 12.93357165385345
