
[data]
trigger-time = 1507600908.0549593
injection-file = /work/shashwat.singh/3gsky/config/injection.hdf

[global]
instruments = E1 E2 E3
mass1_ref = 2.417818256644934
mass2_ref = 2.417818256003363
minchirp = 2.10473304499064
maxchirp = 2.1049330449906405
mincov = 7869940472.412733
maxcov = 786994047241.2733
fhigh = 11.246257324068418
