
[data]
trigger-time = 1965946251.5078151
injection-file = /work/shashwat.singh/3gsky/config/injection.hdf

[global]
instruments = E1 E2 E3
mass1_ref = 3.632825881547115
mass2_ref = 3.632825882214844
minchirp = 3.162458617828225
maxchirp = 3.1626586178282254
mincov = 42208557876.76845
maxcov = 4220855787676.8447
fhigh = 8.722425701705843
