
[data]
trigger-time = 1858649015.4684267
injection-file = /work/shashwat.singh/3gsky/config/injection.hdf

[global]
instruments = E1 E2 E3
mass1_ref = 2.5176638498261976
mass2_ref = 2.517663848705226
minchirp = 2.1916536821685533
maxchirp = 2.1918536821685537
mincov = 9828957934.684582
maxcov = 982895793468.4583
fhigh = 10.965760698571442
