
[data]
trigger-time = 1184867549.9909124
injection-file = /work/shashwat.singh/3gsky/config/injection.hdf

[global]
instruments = E1 E2 E3
mass1_ref = 4.333911946738832
mass2_ref = 4.33391194653705
minchirp = 3.7727894864214613
maxchirp = 3.7729894864214617
mincov = 67781686174.299706
maxcov = 6778168617429.971
fhigh = 7.8126472313708355
