
[data]
trigger-time = 1614701712.9801698
injection-file = /work/shashwat.singh/3gsky/config/injection.hdf

[global]
instruments = E1 E2 E3
mass1_ref = 2.461791512719403
mass2_ref = 2.461791513525402
minchirp = 2.143013988466325
maxchirp = 2.1432139884663255
mincov = 8707350760.603516
maxcov = 870735076060.3516
fhigh = 11.120447100075394
