
[data]
trigger-time = 1300210611.5940132
injection-file = /work/shashwat.singh/3gsky/config/injection.hdf

[global]
instruments = E1 E2 E3
mass1_ref = 2.5634201175700078
mass2_ref = 2.5634201178404146
minchirp = 2.2314868274328883
maxchirp = 2.2316868274328887
mincov = 10794111223.264557
maxcov = 1079411122326.4557
fhigh = 10.84317450171632
