
[data]
trigger-time = 1288253138.7922163
injection-file = /work/shashwat.singh/3gsky/config/injection.hdf

[global]
instruments = E1 E2 E3
mass1_ref = 4.515064473588611
mass2_ref = 4.515064474784038
minchirp = 3.930491921321223
maxchirp = 3.9306919213212232
mincov = 74610912482.4146
maxcov = 7461091248241.46
fhigh = 7.6154645316027425
