
[data]
trigger-time = 1122509981.43742
injection-file = /work/shashwat.singh/3gsky/config/injection.hdf

[global]
instruments = E1 E2 E3
mass1_ref = 4.62819283519216
mass2_ref = 4.628192832001915
minchirp = 4.028975878330987
maxchirp = 4.029175878330986
mincov = 78893910602.10443
maxcov = 7889391060210.443
fhigh = 7.498718747536002
