
[data]
trigger-time = 1856831042.6277525
injection-file = /work/shashwat.singh/3gsky/config/injection.hdf

[global]
instruments = E1 E2 E3
mass1_ref = 3.092659390015027
mass2_ref = 3.0926593912052276
minchirp = 2.692216374578694
maxchirp = 2.6924163745786944
mincov = 24577253913.296925
maxcov = 2457725391329.6924
fhigh = 9.644450750478924
