
[data]
trigger-time = 1355772342.8236632
injection-file = /work/shashwat.singh/3gsky/config/injection.hdf

[global]
instruments = E1 E2 E3
mass1_ref = 1.4208454165648776
mass2_ref = 1.4208454169198441
minchirp = 1.2368177779017786
maxchirp = 1.2370177779017786
mincov = 118616.61974891173
maxcov = 11861661.974891173
fhigh = 15.671455838702853
