
[data]
trigger-time = 1584055872.555269
injection-file = /work/shashwat.singh/3gsky/config/injection.hdf

[global]
instruments = E1 E2 E3
mass1_ref = 3.0740609084333204
mass2_ref = 3.0740609073602663
minchirp = 2.676025454976148
maxchirp = 2.6762254549761484
mincov = 24023188698.127083
maxcov = 2402318869812.708
fhigh = 9.680831693347118
