
[data]
trigger-time = 1024432644.9831641
injection-file = /work/shashwat.singh/3gsky/config/injection.hdf

[global]
instruments = E1 E2 E3
mass1_ref = 2.836352879739654
mass2_ref = 2.836352880373506
minchirp = 2.4690885974398395
maxchirp = 2.46928859743984
mincov = 17351094489.874454
maxcov = 1735109448987.4453
fhigh = 10.179573986362408
