
[data]
trigger-time = 1310283706.940119
injection-file = /work/shashwat.singh/3gsky/config/injection.hdf

[global]
instruments = E1 E2 E3
mass1_ref = 4.6903852182451224
mass2_ref = 4.690385217529081
minchirp = 4.083117493507431
maxchirp = 4.083317493507431
mincov = 81251927568.4927
maxcov = 8125192756849.27
fhigh = 7.436491736154665
