
[data]
trigger-time = 1263403164.9567575
injection-file = /work/shashwat.singh/3gsky/config/injection.hdf

[global]
instruments = E1 E2 E3
mass1_ref = 2.8597816004717416
mass2_ref = 2.859781601493155
minchirp = 2.489484483639162
maxchirp = 2.4896844836391625
mincov = 17972357713.4338
maxcov = 1797235771343.38
fhigh = 10.127438812808085
