
[data]
trigger-time = 1709105964.0719905
injection-file = /work/shashwat.singh/3gsky/config/injection.hdf

[global]
instruments = E1 E2 E3
mass1_ref = 2.4629535670456457
mass2_ref = 2.4629535671371907
minchirp = 2.144025615203632
maxchirp = 2.1442256152036325
mincov = 8730027693.453968
maxcov = 873002769345.3969
fhigh = 11.117171942551124
