
[data]
trigger-time = 1794309061.8265343
injection-file = /work/shashwat.singh/3gsky/config/injection.hdf

[global]
instruments = E1 E2 E3
mass1_ref = 2.9618810020371877
mass2_ref = 2.9618810027570808
minchirp = 2.578367175052914
maxchirp = 2.5785671750529144
mincov = 20775771044.922962
maxcov = 2077577104492.2961
fhigh = 9.908096670869353
