
[data]
trigger-time = 1058822368.101847
injection-file = /work/shashwat.singh/3gsky/config/injection.hdf

[global]
instruments = E1 E2 E3
mass1_ref = 3.9505585729406913
mass2_ref = 3.950558571564575
minchirp = 3.4390609904088616
maxchirp = 3.439260990408862
mincov = 53562058418.2182
maxcov = 5356205841821.82
fhigh = 8.277639641020002
