
[data]
trigger-time = 1213186565.378648
injection-file = /work/shashwat.singh/3gsky/config/injection.hdf

[global]
instruments = E1 E2 E3
mass1_ref = 3.113275576177323
mass2_ref = 3.1132755771270344
minchirp = 2.7101638069506198
maxchirp = 2.71036380695062
mincov = 25196374125.32235
maxcov = 2519637412532.2354
fhigh = 9.604536037470416
