
[data]
trigger-time = 1384121849.1535695
injection-file = /work/shashwat.singh/3gsky/config/injection.hdf

[global]
instruments = E1 E2 E3
mass1_ref = 4.32417422721449
mass2_ref = 4.3241742258267175
minchirp = 3.764312308688093
maxchirp = 3.7645123086880936
mincov = 67416002935.07506
maxcov = 6741600293507.506
fhigh = 7.823625568685725
