
[data]
trigger-time = 1940707038.4832232
injection-file = /work/shashwat.singh/3gsky/config/injection.hdf

[global]
instruments = E1 E2 E3
mass1_ref = 4.010533213152206
mass2_ref = 4.010533212611894
minchirp = 3.4912719475922827
maxchirp = 3.491471947592283
mincov = 55757085267.25708
maxcov = 5575708526725.708
fhigh = 8.200148458128847
