
[data]
trigger-time = 1627561852.7056289
injection-file = /work/shashwat.singh/3gsky/config/injection.hdf

[global]
instruments = E1 E2 E3
mass1_ref = 3.154974788924696
mass2_ref = 3.1549747895449407
minchirp = 2.7464650799534414
maxchirp = 2.746665079953442
mincov = 26464089802.60041
maxcov = 2646408980260.041
fhigh = 9.525099993215461
