
[data]
trigger-time = 1405379288.429569
injection-file = /work/shashwat.singh/3gsky/config/injection.hdf

[global]
instruments = E1 E2 E3
mass1_ref = 2.216516024154659
mass2_ref = 2.2165160237561743
minchirp = 1.9294892732092734
maxchirp = 1.9296892732092734
mincov = 4572861318.199053
maxcov = 457286131819.9053
fhigh = 11.873314593088395
