
[data]
trigger-time = 1384030768.1157324
injection-file = /work/shashwat.singh/3gsky/config/injection.hdf

[global]
instruments = E1 E2 E3
mass1_ref = 3.5448570065594356
mass2_ref = 3.544857005123874
minchirp = 3.0858772632396647
maxchirp = 3.086077263239665
mincov = 39168596427.82237
maxcov = 3916859642782.2373
fhigh = 8.856918875008274
