
[data]
trigger-time = 1707296309.3414373
injection-file = /work/shashwat.singh/3gsky/config/injection.hdf

[global]
instruments = E1 E2 E3
mass1_ref = 2.532833125544054
mass2_ref = 2.5328331263057535
minchirp = 2.2048593045090077
maxchirp = 2.205059304509008
mincov = 10144346814.43255
maxcov = 1014434681443.255
fhigh = 10.924722135773033
