
[data]
trigger-time = 1274795131.5927687
injection-file = /work/shashwat.singh/3gsky/config/injection.hdf

[global]
instruments = E1 E2 E3
mass1_ref = 3.2184575234921478
mass2_ref = 3.2184575232634542
minchirp = 2.801730009921193
maxchirp = 2.8019300099211932
mincov = 28432042233.377533
maxcov = 2843204223337.7534
fhigh = 9.407386865790894
