
[data]
trigger-time = 1146768814.2787268
injection-file = /work/shashwat.singh/3gsky/config/injection.hdf

[global]
instruments = E1 E2 E3
mass1_ref = 3.112264390408363
mass2_ref = 3.11226439068607
minchirp = 2.7092835183173474
maxchirp = 2.709483518317348
mincov = 25165887751.045357
maxcov = 2516588775104.5356
fhigh = 9.606483708133164
