
[data]
trigger-time = 1974812499.3966691
injection-file = /work/shashwat.singh/3gsky/config/injection.hdf

[global]
instruments = E1 E2 E3
mass1_ref = 4.656631423861399
mass2_ref = 4.6566314259842345
minchirp = 4.0537331100289915
maxchirp = 4.053933110028991
mincov = 79971935477.62192
maxcov = 7997193547762.191
fhigh = 7.470096750014399
