
[data]
trigger-time = 1898024308.8495154
injection-file = /work/shashwat.singh/3gsky/config/injection.hdf

[global]
instruments = E1 E2 E3
mass1_ref = 4.6643597075135075
mass2_ref = 4.664359708585784
minchirp = 4.060460971258364
maxchirp = 4.060660971258364
mincov = 80264960954.48235
maxcov = 8026496095448.234
fhigh = 7.462367713721449
