
[data]
trigger-time = 1184626838.0142655
injection-file = /work/shashwat.singh/3gsky/config/injection.hdf

[global]
instruments = E1 E2 E3
mass1_ref = 4.740338418053397
mass2_ref = 4.7403384194036615
minchirp = 4.12660428063838
maxchirp = 4.126804280638379
mincov = 83146920848.89558
maxcov = 8314692084889.559
fhigh = 7.387473002188635
