
[data]
trigger-time = 1396117792.340597
injection-file = /work/shashwat.singh/3gsky/config/injection.hdf

[global]
instruments = E1 E2 E3
mass1_ref = 3.604225034489881
mass2_ref = 3.6042250345161606
minchirp = 3.137560134032597
maxchirp = 3.1377601340325976
mincov = 41214441953.12939
maxcov = 4121444195312.939
fhigh = 8.76556759565912
