
[data]
trigger-time = 1025263945.431817
injection-file = /work/shashwat.singh/3gsky/config/injection.hdf

[global]
instruments = E1 E2 E3
mass1_ref = 4.643367656374177
mass2_ref = 4.6433676557675785
minchirp = 4.042186328583506
maxchirp = 4.042386328583506
mincov = 79469092492.52866
maxcov = 7946909249252.865
fhigh = 7.483410696728139
