
[data]
trigger-time = 1645227745.6840332
injection-file = /work/shashwat.singh/3gsky/config/injection.hdf

[global]
instruments = E1 E2 E3
mass1_ref = 4.359541122509432
mass2_ref = 4.359541121676697
minchirp = 3.7951009795507344
maxchirp = 3.795300979550735
mincov = 68744942873.2245
maxcov = 6874494287322.45
fhigh = 7.783943565583906
