
[data]
trigger-time = 1895708948.703558
injection-file = /work/shashwat.singh/3gsky/config/injection.hdf

[global]
instruments = E1 E2 E3
mass1_ref = 2.7710977600299787
mass2_ref = 2.7710977611041363
minchirp = 2.41228071641028
maxchirp = 2.4124807164102804
mincov = 15666612393.93143
maxcov = 1566661239393.143
fhigh = 10.328544819712546
