
[data]
trigger-time = 1368026680.8354595
injection-file = /work/shashwat.singh/3gsky/config/injection.hdf

[global]
instruments = E1 E2 E3
mass1_ref = 4.0899110189887775
mass2_ref = 4.0899110193842025
minchirp = 3.560374341583824
maxchirp = 3.5605743415838242
mincov = 58681795342.4035
maxcov = 5868179534240.351
fhigh = 8.100434338813443
