
[data]
trigger-time = 1865552618.227283
injection-file = /work/shashwat.singh/3gsky/config/injection.hdf

[global]
instruments = E1 E2 E3
mass1_ref = 1.9761314135102102
mass2_ref = 1.9761314134039436
minchirp = 1.7202223151322242
maxchirp = 1.7204223151322242
mincov = 1848261942.9343333
maxcov = 184826194293.43335
fhigh = 12.75525955716184
