
[data]
trigger-time = 1396441878.8784504
injection-file = /work/shashwat.singh/3gsky/config/injection.hdf

[global]
instruments = E1 E2 E3
mass1_ref = 3.2360681428757077
mass2_ref = 3.236068143035424
minchirp = 2.8170609447146098
maxchirp = 2.81726094471461
mincov = 28985738652.36085
maxcov = 2898573865236.085
fhigh = 9.375397971376469
