
[data]
trigger-time = 1880792060.6135406
injection-file = /work/shashwat.singh/3gsky/config/injection.hdf

[global]
instruments = E1 E2 E3
mass1_ref = 4.747432850456518
mass2_ref = 4.74743285352112
minchirp = 4.132780343509392
maxchirp = 4.1329803435093915
mincov = 83416097960.40291
maxcov = 8341609796040.291
fhigh = 7.380579253485647
