
[data]
trigger-time = 1844618861.1438506
injection-file = /work/shashwat.singh/3gsky/config/injection.hdf

[global]
instruments = E1 E2 E3
mass1_ref = 4.555412004903045
mass2_ref = 4.555412005536642
minchirp = 3.9656164871900614
maxchirp = 3.965816487190062
mincov = 76137286069.51756
maxcov = 7613728606951.757
fhigh = 7.5732868664361
