
[data]
trigger-time = 1813316083.670804
injection-file = /work/shashwat.singh/3gsky/config/injection.hdf

[global]
instruments = E1 E2 E3
mass1_ref = 3.9314577563198982
mass2_ref = 3.9314577568832427
minchirp = 3.4224327645844137
maxchirp = 3.422632764584414
mincov = 52865909279.949234
maxcov = 5286590927994.924
fhigh = 8.302721494967171
