
[data]
trigger-time = 1113960308.7546923
injection-file = /work/shashwat.singh/3gsky/config/injection.hdf

[global]
instruments = E1 E2 E3
mass1_ref = 1.5272110793881128
mass2_ref = 1.527211079581231
minchirp = 1.329414465517463
maxchirp = 1.3296144655174629
mincov = 25528035.124949668
maxcov = 2552803512.4949665
fhigh = 14.981018481276426
