
[data]
trigger-time = 1938514197.2093375
injection-file = /work/shashwat.singh/3gsky/config/injection.hdf

[global]
instruments = E1 E2 E3
mass1_ref = 3.8241804544974234
mass2_ref = 3.82418045386957
minchirp = 3.329042448535471
maxchirp = 3.3292424485354712
mincov = 48985232303.3174
maxcov = 4898523230331.74
fhigh = 8.44735650032349
