
[data]
trigger-time = 1056628202.8381062
injection-file = /work/shashwat.singh/3gsky/config/injection.hdf

[global]
instruments = E1 E2 E3
mass1_ref = 4.165474264717731
mass2_ref = 4.165474265759122
minchirp = 3.626155967998821
maxchirp = 3.6263559679988213
mincov = 61484065186.603065
maxcov = 6148406518660.307
fhigh = 8.008388878646151
