
[data]
trigger-time = 1783964286.9589877
injection-file = /work/shashwat.singh/3gsky/config/injection.hdf

[global]
instruments = E1 E2 E3
mass1_ref = 2.9569477697181874
mass2_ref = 2.9569477686242474
minchirp = 2.5740725460892206
maxchirp = 2.574272546089221
mincov = 20636855947.06142
maxcov = 2063685594706.142
fhigh = 9.918411446121812
