
[data]
trigger-time = 1511208646.2854652
injection-file = /work/shashwat.singh/3gsky/config/injection.hdf

[global]
instruments = E1 E2 E3
mass1_ref = 2.8115757814251103
mass2_ref = 2.8115757829276817
minchirp = 2.4475188809234023
maxchirp = 2.4477188809234027
mincov = 16703437287.85058
maxcov = 1670343728785.058
fhigh = 10.235476089844642
