
[data]
trigger-time = 1559086516.4032583
injection-file = /work/shashwat.singh/3gsky/config/injection.hdf

[global]
instruments = E1 E2 E3
mass1_ref = 4.0648582019821315
mass2_ref = 4.064858201316758
minchirp = 3.538564597164794
maxchirp = 3.5387645971647945
mincov = 57756471670.848595
maxcov = 5775647167084.859
fhigh = 8.131563918540468
