
[data]
trigger-time = 1538147517.1399584
injection-file = /work/shashwat.singh/3gsky/dummy-nhm/config/injection.hdf

[global]
instruments = E1 E2 E3
mass1_ref = 7.595513227921143
mass2_ref = 2.1267437044232844
minchirp = 3.3681936718056313
maxchirp = 3.3683936718056318
mincov = 3398479607.697846
maxcov = 339847960769.7846
fhigh = 8.378228737823564
