
[data]
trigger-time = 1878466178.426663
injection-file = /work/shashwat.singh/3gsky/dummy-nhm/config/injection.hdf

[global]
instruments = E1 E2 E3
mass1_ref = 14.39251761215436
mass2_ref = 4.0299049319795595
minchirp = 6.382381938461419
maxchirp = 6.382581938461419
mincov = 56468888469.75459
maxcov = 5646888846975.459
fhigh = 5.6193773227734365
