
[data]
trigger-time = 1113960308.7546923
injection-file = /work/shashwat.singh/3gsky/dummy-nhm/config/injection.hdf

[global]
instruments = E1 E2 E3
mass1_ref = 5.454325281252375
mass2_ref = 1.527211079581231
minchirp = 2.4186660241214493
maxchirp = 2.4188660241214497
mincov = 25528035.124949668
maxcov = 2552803512.4949665
fhigh = 10.303677192557315
