
[data]
trigger-time = 1130211789.479595
injection-file = /work/shashwat.singh/3gsky/dummy-nhm/config/injection.hdf

[global]
instruments = E1 E2 E3
mass1_ref = 12.986973583551391
mass2_ref = 3.6363526049050057
minchirp = 5.759081720566591
maxchirp = 5.759281720566591
mincov = 42331508781.08279
maxcov = 4233150878108.279
fhigh = 5.992172947652543
