
[data]
trigger-time = 1377641918.5740802
injection-file = /work/shashwat.singh/3gsky/dummy-nhm/config/injection.hdf

[global]
instruments = E1 E2 E3
mass1_ref = 8.907394985856584
mass2_ref = 2.4940705957317193
minchirp = 3.9499585748480515
maxchirp = 3.950158574848052
mincov = 9347590223.636189
maxcov = 934759022363.6188
fhigh = 7.584391971978166
