
[data]
trigger-time = 1046739227.161395
injection-file = /work/shashwat.singh/3gsky/dummy-nhm/config/injection.hdf

[global]
instruments = E1 E2 E3
mass1_ref = 7.1692525947745125
mass2_ref = 2.00739072719115
minchirp = 3.1791648399769845
maxchirp = 3.179364839976985
mincov = 2126886029.0297961
maxcov = 212688602902.9796
fhigh = 8.686058579247215
