
[data]
trigger-time = 1184867549.9909124
injection-file = /work/shashwat.singh/3gsky/dummy-nhm/config/injection.hdf

[global]
instruments = E1 E2 E3
mass1_ref = 15.478256946640473
mass2_ref = 4.33391194653705
minchirp = 6.863862099879487
maxchirp = 6.864062099879487
mincov = 67781686174.299706
maxcov = 6778168617429.971
fhigh = 5.369617094062328
