
[data]
trigger-time = 1938514197.2093375
injection-file = /work/shashwat.singh/3gsky/dummy-nhm/config/injection.hdf

[global]
instruments = E1 E2 E3
mass1_ref = 13.65778733491336
mass2_ref = 3.82418045386957
minchirp = 6.056559670513232
maxchirp = 6.056759670513231
mincov = 48985232303.3174
maxcov = 4898523230331.74
fhigh = 5.806479912540014
