
[data]
trigger-time = 1396117792.340597
injection-file = /work/shashwat.singh/3gsky/dummy-nhm/config/injection.hdf

[global]
instruments = E1 E2 E3
mass1_ref = 12.872232259517089
mass2_ref = 3.6042250345161606
minchirp = 5.708198724026313
maxchirp = 5.7083987240263125
mincov = 41214441953.12939
maxcov = 4121444195312.939
fhigh = 6.025502610817941
