
[data]
trigger-time = 1856831042.6277525
injection-file = /work/shashwat.singh/3gsky/dummy-nhm/config/injection.hdf

[global]
instruments = E1 E2 E3
mass1_ref = 11.045212106940651
mass2_ref = 3.0926593912052276
minchirp = 4.897991403402721
maxchirp = 4.898191403402721
mincov = 24577253913.296925
maxcov = 2457725391329.6924
fhigh = 6.63043721754939
