
[data]
trigger-time = 1228782333.2019653
injection-file = /work/shashwat.singh/3gsky/dummy-nhm/config/injection.hdf

[global]
instruments = E1 E2 E3
mass1_ref = 10.282378670074587
mass2_ref = 2.8790660291458092
minchirp = 4.559706555655345
maxchirp = 4.559906555655345
mincov = 18490053662.070908
maxcov = 1849005366207.0908
fhigh = 6.933699060716795
