
[data]
trigger-time = 1858649015.4684267
injection-file = /work/shashwat.singh/3gsky/dummy-nhm/config/injection.hdf

[global]
instruments = E1 E2 E3
mass1_ref = 8.99165660352431
mass2_ref = 2.517663848705226
minchirp = 3.987325091788035
maxchirp = 3.9875250917880356
mincov = 9828957934.684582
maxcov = 982895793468.4583
fhigh = 7.539904509390797
