
[data]
trigger-time = 1680574374.4444447
injection-file = /work/shashwat.singh/3gsky/dummy-nhm/config/injection.hdf

[global]
instruments = E1 E2 E3
mass1_ref = 8.52626019976143
mass2_ref = 2.387352856721525
minchirp = 3.780941177070372
maxchirp = 3.7811411770703724
mincov = 7313755999.865013
maxcov = 731375599986.5013
fhigh = 7.794483970291555
