
[data]
trigger-time = 1829401919.827236
injection-file = /work/shashwat.singh/3gsky/dummy-nhm/config/injection.hdf

[global]
instruments = E1 E2 E3
mass1_ref = 16.481186573536714
mass2_ref = 4.614732240715296
minchirp = 7.308619604025013
maxchirp = 7.308819604025013
mincov = 78383813230.66139
maxcov = 7838381323066.139
fhigh = 5.162938942633604
