
[data]
trigger-time = 1897279944.8193479
injection-file = /work/shashwat.singh/3gsky/dummy-nhm/config/injection.hdf

[global]
instruments = E1 E2 E3
mass1_ref = 13.806559937048961
mass2_ref = 3.865836784180437
minchirp = 6.122534122884902
maxchirp = 6.122734122884902
mincov = 50485967274.38271
maxcov = 5048596727438.271
fhigh = 5.767291227092024
