
[data]
trigger-time = 1895708948.703558
injection-file = /work/shashwat.singh/3gsky/dummy-nhm/config/injection.hdf

[global]
instruments = E1 E2 E3
mass1_ref = 9.896777713310051
mass2_ref = 2.7710977611041363
minchirp = 4.388708596160026
maxchirp = 4.388908596160025
mincov = 15666612393.93143
maxcov = 1566661239393.143
fhigh = 7.101302740720708
