
[data]
trigger-time = 1428747329.1290426
injection-file = /work/shashwat.singh/3gsky/dummy-nhm/config/injection.hdf

[global]
instruments = E1 E2 E3
mass1_ref = 7.663518797520985
mass2_ref = 2.1457852638475985
minchirp = 3.3983513086097545
maxchirp = 3.398551308609755
mincov = 3631976599.994406
maxcov = 363197659999.4406
fhigh = 8.331701798080104
