
[data]
trigger-time = 1025263945.431817
injection-file = /work/shashwat.singh/3gsky/dummy-nhm/config/injection.hdf

[global]
instruments = E1 E2 E3
mass1_ref = 16.583455912048077
mass2_ref = 4.6433676557675785
minchirp = 7.35397179513271
maxchirp = 7.35417179513271
mincov = 79469092492.52866
maxcov = 7946909249252.865
fhigh = 5.143009703723605
