
[data]
trigger-time = 1434013993.3332937
injection-file = /work/shashwat.singh/3gsky/dummy-hm/config/injection.hdf

[global]
instruments = E1 E2 E3
mass1_ref = 5.532091408701062
mass2_ref = 1.5489855943733268
minchirp = 2.453152060954721
maxchirp = 2.4533520609547215
mincov = 40542500.58081093
maxcov = 4054250058.081093
fhigh = 10.21296486702603
