
[data]
trigger-time = 1617766978.4693172
injection-file = /work/shashwat.singh/3gsky/dummy-hm/config/injection.hdf

[global]
instruments = E1 E2 E3
mass1_ref = 9.55876514581865
mass2_ref = 2.6764542424687865
minchirp = 4.238814105034426
maxchirp = 4.239014105034426
mincov = 13349964162.829008
maxcov = 1334996416282.901
fhigh = 7.257191899067504
