
[data]
trigger-time = 1142170047.601527
injection-file = /work/shashwat.singh/3gsky/dummy-hm/config/injection.hdf

[global]
instruments = E1 E2 E3
mass1_ref = 11.991079792763971
mass2_ref = 3.3575023423976753
minchirp = 5.317444314458168
maxchirp = 5.3176443144581675
mincov = 32888978393.276863
maxcov = 3288897839327.686
fhigh = 6.298553299581735
