
[data]
trigger-time = 1650397181.931467
injection-file = /work/shashwat.singh/3gsky/dummy-hm/config/injection.hdf

[global]
instruments = E1 E2 E3
mass1_ref = 12.474931354532789
mass2_ref = 3.4929807812289804
minchirp = 5.5320123251659234
maxchirp = 5.532212325165923
mincov = 37401708484.610054
maxcov = 3740170848461.0054
fhigh = 6.144738187794912
