
[data]
trigger-time = 1601038953.4045444
injection-file = /work/shashwat.singh/3gsky/dummy-hm/config/injection.hdf

[global]
instruments = E1 E2 E3
mass1_ref = 12.561184250675531
mass2_ref = 3.5171315906936975
minchirp = 5.570261889843234
maxchirp = 5.570461889843234
mincov = 38221773530.98837
maxcov = 3822177353098.8374
fhigh = 6.118332560172451
