
[data]
trigger-time = 1373340760.0514693
injection-file = /work/shashwat.singh/3gsky/dummy-hm/config/injection.hdf

[global]
instruments = E1 E2 E3
mass1_ref = 12.910782942008005
mass2_ref = 3.615019224188944
minchirp = 5.725294344352124
maxchirp = 5.725494344352123
mincov = 41588998827.33311
maxcov = 4158899882733.3105
fhigh = 6.014250885186455
