
[data]
trigger-time = 1513138242.554391
injection-file = /work/shashwat.singh/3gsky/dummy-hm/config/injection.hdf

[global]
instruments = E1 E2 E3
mass1_ref = 8.796341150700398
mass2_ref = 2.4629755233883883
minchirp = 3.9007108270181683
maxchirp = 3.9009108270181687
mincov = 8730456426.813
maxcov = 873045642681.2999
fhigh = 7.644079866734097
