
[data]
trigger-time = 1441833174.422996
injection-file = /work/shashwat.singh/3gsky/dummy-hm/config/injection.hdf

[global]
instruments = E1 E2 E3
mass1_ref = 9.531963281542218
mass2_ref = 2.6689497194711267
minchirp = 4.226928593969557
maxchirp = 4.227128593969557
mincov = 13172974569.693327
maxcov = 1317297456969.3328
fhigh = 7.269935891444543
