
[data]
trigger-time = 1674133615.0663452
injection-file = /work/shashwat.singh/3gsky/dummy-hm/config/injection.hdf

[global]
instruments = E1 E2 E3
mass1_ref = 9.052152118820864
mass2_ref = 2.5346025941229797
minchirp = 4.014152333449289
maxchirp = 4.014352333449288
mincov = 10181434194.842571
maxcov = 1018143419484.2572
fhigh = 7.5083800685631035
