
[data]
trigger-time = 1542544368.0112612
injection-file = /work/shashwat.singh/3gsky/dummy-hm/config/injection.hdf

[global]
instruments = E1 E2 E3
mass1_ref = 12.994010631852277
mass2_ref = 3.638322976587797
minchirp = 5.762202356687284
maxchirp = 5.762402356687284
mincov = 42400235842.32509
maxcov = 4240023584232.509
fhigh = 5.990144351419309
