
[data]
trigger-time = 1813316083.670804
injection-file = /work/shashwat.singh/3gsky/dummy-nhm/config/injection.hdf

[global]
instruments = E1 E2 E3
mass1_ref = 14.040920557074408
mass2_ref = 3.9314577568832427
minchirp = 6.226463293105305
maxchirp = 6.226663293105305
mincov = 52865909279.949234
maxcov = 5286590927994.924
fhigh = 5.70692898162964
