
[data]
trigger-time = 1569271399.7012885
injection-file = /work/shashwat.singh/3gsky/dummy-nhm/config/injection.hdf

[global]
instruments = E1 E2 E3
mass1_ref = 14.646339370755305
mass2_ref = 4.100975024422596
minchirp = 6.494941313674756
maxchirp = 6.495141313674756
mincov = 59091065101.2724
maxcov = 5909106510127.24
fhigh = 5.5583022640399955
