
[data]
trigger-time = 1543465038.474916
injection-file = /work/shashwat.singh/3gsky/dummy-nhm/config/injection.hdf

[global]
instruments = E1 E2 E3
mass1_ref = 14.360875691429133
mass2_ref = 4.021045194946233
minchirp = 6.36835006556793
maxchirp = 6.36855006556793
mincov = 56143178871.24186
maxcov = 5614317887124.186
fhigh = 5.627113849376258
