
[data]
trigger-time = 1300210611.5940132
injection-file = /work/shashwat.singh/3gsky/dummy-nhm/config/injection.hdf

[global]
instruments = E1 E2 E3
mass1_ref = 9.155071846317743
mass2_ref = 2.5634201178404146
minchirp = 4.059792944754523
maxchirp = 4.059992944754523
mincov = 10794111223.264557
maxcov = 1079411122326.4557
fhigh = 7.455526911249471
