
[data]
trigger-time = 1614701712.9801698
injection-file = /work/shashwat.singh/3gsky/dummy-nhm/config/injection.hdf

[global]
instruments = E1 E2 E3
mass1_ref = 8.792112545314774
mass2_ref = 2.461791513525402
minchirp = 3.898835616389623
maxchirp = 3.8990356163896234
mincov = 8707350760.603516
maxcov = 870735076060.3516
fhigh = 7.646376814111303
