
[data]
trigger-time = 1584055872.555269
injection-file = /work/shashwat.singh/3gsky/dummy-nhm/config/injection.hdf

[global]
instruments = E1 E2 E3
mass1_ref = 10.978788953181379
mass2_ref = 3.0740609073602663
minchirp = 4.868535501342943
maxchirp = 4.868735501342942
mincov = 24023188698.127083
maxcov = 2402318869812.708
fhigh = 6.655478324524499
