
[data]
trigger-time = 1257302887.2050037
injection-file = /work/shashwat.singh/3gsky/dummy-nhm/config/injection.hdf

[global]
instruments = E1 E2 E3
mass1_ref = 16.716829674609347
mass2_ref = 4.680712310177024
minchirp = 7.413117502978787
maxchirp = 7.413317502978787
mincov = 80885070529.69229
maxcov = 8088507052969.229
fhigh = 5.117317037037367
