
[data]
trigger-time = 1952643936.770624
injection-file = /work/shashwat.singh/3gsky/dummy-nhm/config/injection.hdf

[global]
instruments = E1 E2 E3
mass1_ref = 11.596362835025651
mass2_ref = 3.2469815950476586
minchirp = 5.142403789172595
maxchirp = 5.142603789172594
mincov = 29330506189.39112
maxcov = 2933050618939.112
fhigh = 6.431700339683106
