
[data]
trigger-time = 1809891665.4001787
injection-file = /work/shashwat.singh/3gsky/dummy-nhm/config/injection.hdf

[global]
instruments = E1 E2 E3
mass1_ref = 15.461502028562474
mass2_ref = 4.3292205694872905
minchirp = 6.8564319917682255
maxchirp = 6.856631991768225
mincov = 67605488222.479126
maxcov = 6760548822247.912
fhigh = 5.373254004576077
