
[data]
trigger-time = 1974812499.3966691
injection-file = /work/shashwat.singh/3gsky/dummy-nhm/config/injection.hdf

[global]
instruments = E1 E2 E3
mass1_ref = 16.63082651147948
mass2_ref = 4.6566314259842345
minchirp = 7.37497868451323
maxchirp = 7.375178684513229
mincov = 79971935477.62192
maxcov = 7997193547762.191
fhigh = 5.133846029506559
