
[data]
trigger-time = 1146768814.2787268
injection-file = /work/shashwat.singh/3gsky/dummy-nhm/config/injection.hdf

[global]
instruments = E1 E2 E3
mass1_ref = 11.115229965107147
mass2_ref = 3.11226439068607
minchirp = 4.92904140569611
maxchirp = 4.92924140569611
mincov = 25165887751.045357
maxcov = 2516588775104.5356
fhigh = 6.604304391679353
