
[data]
trigger-time = 1766560126.5709066
injection-file = /work/shashwat.singh/3gsky/dummy-nhm/config/injection.hdf

[global]
instruments = E1 E2 E3
mass1_ref = 11.526089431615524
mass2_ref = 3.2273050407399797
minchirp = 5.111240461308522
maxchirp = 5.111440461308521
mincov = 28709806761.82082
maxcov = 2870980676182.082
fhigh = 6.456179454499833
