
[data]
trigger-time = 1601051891.1325102
injection-file = /work/shashwat.singh/3gsky/dummy-nhm/config/injection.hdf

[global]
instruments = E1 E2 E3
mass1_ref = 15.35160889220328
mass2_ref = 4.2984504896268385
minchirp = 6.807698962695863
maxchirp = 6.807898962695862
mincov = 66450839183.85934
maxcov = 6645083918385.934
fhigh = 5.397267700990556
