
[data]
trigger-time = 1709105964.0719905
injection-file = /work/shashwat.singh/3gsky/dummy-nhm/config/injection.hdf

[global]
instruments = E1 E2 E3
mass1_ref = 8.796262736454842
mass2_ref = 2.4629535671371907
minchirp = 3.900676053335964
maxchirp = 3.9008760533359643
mincov = 8730027693.453968
maxcov = 873002769345.3969
fhigh = 7.644122432006325
