
[data]
trigger-time = 1193253732.286461
injection-file = /work/shashwat.singh/3gsky/dummy-nhm/config/injection.hdf

[global]
instruments = E1 E2 E3
mass1_ref = 7.570444091636708
mass2_ref = 2.119724345977974
minchirp = 3.3570765540456002
maxchirp = 3.3572765540456007
mincov = 3314531309.4518213
maxcov = 331453130945.1821
fhigh = 8.395551166253714
