
[data]
trigger-time = 1913581731.5706744
injection-file = /work/shashwat.singh/3gsky/dummy-nhm/config/injection.hdf

[global]
instruments = E1 E2 E3
mass1_ref = 9.906787494282801
mass2_ref = 2.773900498770072
minchirp = 4.393147516105931
maxchirp = 4.393347516105931
mincov = 15737538616.46629
maxcov = 1573753861646.629
fhigh = 7.0968183314092945
