
[data]
trigger-time = 1784866718.276947
injection-file = /work/shashwat.singh/3gsky/dummy-nhm/config/injection.hdf

[global]
instruments = E1 E2 E3
mass1_ref = 11.561213042441123
mass2_ref = 3.237139652256732
minchirp = 5.126816319812788
maxchirp = 5.127016319812787
mincov = 29019533678.1804
maxcov = 2901953367818.04
fhigh = 6.443914267185866
