
[data]
trigger-time = 1930915835.8477516
injection-file = /work/shashwat.singh/3gsky/dummy-nhm/config/injection.hdf

[global]
instruments = E1 E2 E3
mass1_ref = 17.015950122724426
mass2_ref = 4.764466035601206
minchirp = 7.5457649596784915
maxchirp = 7.545964959678491
mincov = 84062402831.57216
maxcov = 8406240283157.216
fhigh = 5.060887966036677
