
[data]
trigger-time = 1511208646.2854652
injection-file = /work/shashwat.singh/3gsky/dummy-nhm/config/injection.hdf

[global]
instruments = E1 E2 E3
mass1_ref = 10.041342076180367
mass2_ref = 2.8115757829276817
minchirp = 4.452816868426447
maxchirp = 4.453016868426446
mincov = 16703437287.85058
maxcov = 1670343728785.058
fhigh = 7.037242870987863
