
[data]
trigger-time = 1638035081.3446267
injection-file = /work/shashwat.singh/3gsky/dummy-nhm/config/injection.hdf

[global]
instruments = E1 E2 E3
mass1_ref = 6.902365934756408
mass2_ref = 1.9326624628680547
minchirp = 3.060811725752087
maxchirp = 3.0610117257520875
mincov = 1497749072.3699164
maxcov = 149774907236.99164
fhigh = 8.894378213950878
