
[data]
trigger-time = 1507600908.0549593
injection-file = /work/shashwat.singh/3gsky/dummy-nhm/config/injection.hdf

[global]
instruments = E1 E2 E3
mass1_ref = 8.635065198034305
mass2_ref = 2.417818256003363
minchirp = 3.8291916605490277
maxchirp = 3.829391660549028
mincov = 7869940472.412733
maxcov = 786994047241.2733
fhigh = 7.732973532822952
