
[data]
trigger-time = 1598936449.0726748
injection-file = /work/shashwat.singh/3gsky/dummy-nhm/config/injection.hdf

[global]
instruments = E1 E2 E3
mass1_ref = 14.214451485050313
mass2_ref = 3.9800464162738765
minchirp = 6.303417029603431
maxchirp = 6.303617029603431
mincov = 54639597857.173
maxcov = 5463959785717.3
fhigh = 5.663278255060378
