
[data]
trigger-time = 1963900522.8382828
injection-file = /work/shashwat.singh/3gsky/dummy-nhm/config/injection.hdf

[global]
instruments = E1 E2 E3
mass1_ref = 11.741217848796659
mass2_ref = 3.287540998883109
minchirp = 5.206640952792647
maxchirp = 5.206840952792646
mincov = 30622520843.09507
maxcov = 3062252084309.507
fhigh = 6.3819934595913494
