
[data]
trigger-time = 1600954207.2456765
injection-file = /work/shashwat.singh/3gsky/dummy-nhm/config/injection.hdf

[global]
instruments = E1 E2 E3
mass1_ref = 6.314581194690895
mass2_ref = 1.768082735385526
minchirp = 2.800153681668505
maxchirp = 2.8003536816685055
mincov = 542634877.9718118
maxcov = 54263487797.181175
fhigh = 9.402908700083094
