
[data]
trigger-time = 1372028902.1738343
injection-file = /work/shashwat.singh/3gsky/dummy-nhm/config/injection.hdf

[global]
instruments = E1 E2 E3
mass1_ref = 5.325348542703914
mass2_ref = 1.4910975923517122
minchirp = 2.3614702136376624
maxchirp = 2.361670213637663
mincov = 9552381.943688303
maxcov = 955238194.3688303
fhigh = 10.458849988349678
