
[data]
trigger-time = 1274294819.015396
injection-file = /work/shashwat.singh/3gsky/dummy-hm/config/injection.hdf

[global]
instruments = E1 E2 E3
mass1_ref = 15.060796173362737
mass2_ref = 4.217022929333528
minchirp = 6.678735638634495
maxchirp = 6.678935638634495
mincov = 63404583423.82002
maxcov = 6340458342382.002
fhigh = 5.4621844977195
