
[data]
trigger-time = 1122509981.43742
injection-file = /work/shashwat.singh/3gsky/dummy-hm/config/injection.hdf

[global]
instruments = E1 E2 E3
mass1_ref = 16.52926011737772
mass2_ref = 4.628192832001915
minchirp = 7.3299382170007785
maxchirp = 7.330138217000778
mincov = 78893910602.10443
maxcov = 7889391060210.443
fhigh = 5.153545881386051
