
[data]
trigger-time = 1304573355.34662
injection-file = /work/shashwat.singh/3gsky/dummy-hm/config/injection.hdf

[global]
instruments = E1 E2 E3
mass1_ref = 8.075882434155217
mass2_ref = 2.261247082559561
minchirp = 3.581217401907117
maxchirp = 3.5814174019071174
mincov = 5227229433.05607
maxcov = 522722943305.607
fhigh = 8.063301049370896
