
[data]
trigger-time = 1644326615.0414171
injection-file = /work/shashwat.singh/3gsky/dummy-hm/config/injection.hdf

[global]
instruments = E1 E2 E3
mass1_ref = 11.790323231801144
mass2_ref = 3.301290506203282
minchirp = 5.228417144389478
maxchirp = 5.228617144389477
mincov = 31064243524.618114
maxcov = 3106424352461.8115
fhigh = 6.365368438683105
