
[data]
trigger-time = 1213186565.378648
injection-file = /work/shashwat.singh/3gsky/dummy-hm/config/injection.hdf

[global]
instruments = E1 E2 E3
mass1_ref = 11.118841342216045
mass2_ref = 3.1132755771270344
minchirp = 4.9306429017354665
maxchirp = 4.930842901735466
mincov = 25196374125.32235
maxcov = 2519637412532.2354
fhigh = 6.60296381304818
