
[data]
trigger-time = 1184626838.0142655
injection-file = /work/shashwat.singh/3gsky/dummy-hm/config/injection.hdf

[global]
instruments = E1 E2 E3
mass1_ref = 16.929780062167257
mass2_ref = 4.7403384194036615
minchirp = 7.507552128518423
maxchirp = 7.5077521285184226
mincov = 83146920848.89558
maxcov = 8314692084889.559
fhigh = 5.076977898727552
