
[data]
trigger-time = 1069033341.617254
injection-file = /work/shashwat.singh/3gsky/dummy-hm/config/injection.hdf

[global]
instruments = E1 E2 E3
mass1_ref = 14.186666091278886
mass2_ref = 3.972266505455705
minchirp = 6.291095364569418
maxchirp = 6.291295364569417
mincov = 54354980556.797134
maxcov = 5435498055679.713
fhigh = 5.670209156856762
