
[data]
trigger-time = 1940707038.4832232
injection-file = /work/shashwat.singh/3gsky/dummy-hm/config/injection.hdf

[global]
instruments = E1 E2 E3
mass1_ref = 14.323332898179876
mass2_ref = 4.010533212611894
minchirp = 6.351701400677048
maxchirp = 6.351901400677048
mincov = 55757085267.25708
maxcov = 5575708526725.708
fhigh = 5.6363290142213085
