
[data]
trigger-time = 1257475423.4045432
injection-file = /work/shashwat.singh/3gsky/dummy-hm/config/injection.hdf

[global]
instruments = E1 E2 E3
mass1_ref = 16.29586676614826
mass2_ref = 4.562842694331403
minchirp = 7.226437989989773
maxchirp = 7.226637989989772
mincov = 76418549998.54396
maxcov = 7641854999854.3955
fhigh = 5.199568778173679
