
[data]
trigger-time = 1403469840.4806662
injection-file = /work/shashwat.singh/3gsky/dummy-hm/config/injection.hdf

[global]
instruments = E1 E2 E3
mass1_ref = 6.625166854319564
mass2_ref = 1.8550467193839646
minchirp = 2.937885481437039
maxchirp = 2.9380854814370396
mincov = 976179265.9245517
maxcov = 97617926592.45517
fhigh = 9.125067170360923
