
[data]
trigger-time = 1988916974.1962013
injection-file = /work/shashwat.singh/3gsky/dummy-hm/config/injection.hdf

[global]
instruments = E1 E2 E3
mass1_ref = 14.659989571008849
mass2_ref = 4.104797079538251
minchirp = 6.500994607949063
maxchirp = 6.501194607949063
mincov = 59232533375.95723
maxcov = 5923253337595.723
fhigh = 5.555066451917542
