
[data]
trigger-time = 1274795131.5927687
injection-file = /work/shashwat.singh/3gsky/dummy-hm/config/injection.hdf

[global]
instruments = E1 E2 E3
mass1_ref = 11.494491152794797
mass2_ref = 3.2184575232634542
minchirp = 5.097227941626007
maxchirp = 5.097427941626006
mincov = 28432042233.377533
maxcov = 2843204223337.7534
fhigh = 6.4672656389242285
