
[data]
trigger-time = 1412276077.3534007
injection-file = /work/shashwat.singh/3gsky/dummy-hm/config/injection.hdf

[global]
instruments = E1 E2 E3
mass1_ref = 5.140426212727854
mass2_ref = 1.4393193397666557
minchirp = 2.2794648643837414
maxchirp = 2.279664864383742
mincov = 788668.2806587976
maxcov = 78866828.06587976
fhigh = 10.692297505752212
