
[data]
trigger-time = 1384030768.1157324
injection-file = /work/shashwat.singh/3gsky/dummy-hm/config/injection.hdf

[global]
instruments = E1 E2 E3
mass1_ref = 12.660203590143578
mass2_ref = 3.544857005123874
minchirp = 5.614172840993073
maxchirp = 5.614372840993073
mincov = 39168596427.82237
maxcov = 3916859642782.2373
fhigh = 6.088379308592654
