
[data]
trigger-time = 1457849511.9744105
injection-file = /work/shashwat.singh/3gsky/dummy-hm/config/injection.hdf

[global]
instruments = E1 E2 E3
mass1_ref = 15.46957110999089
mass2_ref = 4.331479911640297
minchirp = 6.8600102926366056
maxchirp = 6.860210292636605
mincov = 67690339324.7996
maxcov = 6769033932479.96
fhigh = 5.371501712037905
