
[data]
trigger-time = 1060050205.5508196
injection-file = /work/shashwat.singh/3gsky/dummy-hm/config/injection.hdf

[global]
instruments = E1 E2 E3
mass1_ref = 6.538408714119165
mass2_ref = 1.8307544409070737
minchirp = 2.8994118614741384
maxchirp = 2.899611861474139
mincov = 839532360.1311351
maxcov = 83953236013.11351
fhigh = 9.200518208478565
