
[data]
trigger-time = 1559086516.4032583
injection-file = /work/shashwat.singh/3gsky/dummy-hm/config/injection.hdf

[global]
instruments = E1 E2 E3
mass1_ref = 14.517350714294905
mass2_ref = 4.064858201316758
minchirp = 6.437740219097004
maxchirp = 6.437940219097004
mincov = 57756471670.848595
maxcov = 5775647167084.859
fhigh = 5.589122991735654
