
[data]
trigger-time = 1840247316.0883906
injection-file = /work/shashwat.singh/3gsky/dummy-hm/config/injection.hdf

[global]
instruments = E1 E2 E3
mass1_ref = 7.357461067633807
mass2_ref = 2.0600890991229983
minchirp = 3.2626274561099886
maxchirp = 3.262827456109989
mincov = 2647563615.7389846
maxcov = 264756361573.89847
fhigh = 8.546571519417848
