
[data]
trigger-time = 1802775936.3482466
injection-file = /work/shashwat.singh/3gsky/dummy-hm/config/injection.hdf

[global]
instruments = E1 E2 E3
mass1_ref = 6.092227031403758
mass2_ref = 1.7058235693779187
minchirp = 2.701548873747191
maxchirp = 2.7017488737471913
mincov = 322188482.8676454
maxcov = 32218848286.764534
fhigh = 9.615843877445345
