
[data]
trigger-time = 1056628202.8381062
injection-file = /work/shashwat.singh/3gsky/dummy-hm/config/injection.hdf

[global]
instruments = E1 E2 E3
mass1_ref = 14.876693799172868
mass2_ref = 4.165474265759122
minchirp = 6.597093906835655
maxchirp = 6.597293906835654
mincov = 61484065186.603065
maxcov = 6148406518660.307
fhigh = 5.5043432271524
