
[data]
trigger-time = 1086969408.9246175
injection-file = /work/shashwat.singh/3gsky/dummy-hm/config/injection.hdf

[global]
instruments = E1 E2 E3
mass1_ref = 10.695568818074731
mass2_ref = 2.9947592688543776
minchirp = 4.7429391703835755
maxchirp = 4.743139170383575
mincov = 21710187145.522266
maxcov = 2171018714552.2266
fhigh = 6.765074242672126
