
[data]
trigger-time = 1024432644.9831641
injection-file = /work/shashwat.singh/3gsky/dummy-hm/config/injection.hdf

[global]
instruments = E1 E2 E3
mass1_ref = 10.129831712370464
mass2_ref = 2.836352880373506
minchirp = 4.492058334803845
maxchirp = 4.492258334803845
mincov = 17351094489.874454
maxcov = 1735109448987.4453
fhigh = 6.998765099294814
