
[data]
trigger-time = 1707296309.3414373
injection-file = /work/shashwat.singh/3gsky/dummy-hm/config/injection.hdf

[global]
instruments = E1 E2 E3
mass1_ref = 9.04583258960379
mass2_ref = 2.5328331263057535
minchirp = 4.01134988584689
maxchirp = 4.01154988584689
mincov = 10144346814.43255
maxcov = 1014434681443.255
fhigh = 7.511657182205016
