
[data]
trigger-time = 1317001562.305788
injection-file = /work/shashwat.singh/3gsky/dummy-hm/config/injection.hdf

[global]
instruments = E1 E2 E3
mass1_ref = 6.733648207701284
mass2_ref = 1.8854214982583544
minchirp = 2.9859924420329897
maxchirp = 2.98619244203299
mincov = 1164661979.5642877
maxcov = 116466197956.42876
fhigh = 9.032951501451567
