
[data]
trigger-time = 1263403164.9567575
injection-file = /work/shashwat.singh/3gsky/dummy-hm/config/injection.hdf

[global]
instruments = E1 E2 E3
mass1_ref = 10.213505714221181
mass2_ref = 2.859781601493155
minchirp = 4.529164269116794
maxchirp = 4.529364269116794
mincov = 17972357713.4338
maxcov = 1797235771343.38
fhigh = 6.9628800627359215
