
[data]
trigger-time = 1827903175.7485712
injection-file = /work/shashwat.singh/3gsky/dummy-hm/config/injection.hdf

[global]
instruments = E1 E2 E3
mass1_ref = 16.51882096076249
mass2_ref = 4.625269871378563
minchirp = 7.325308888804093
maxchirp = 7.325508888804093
mincov = 78783134093.40424
maxcov = 7878313409340.424
fhigh = 5.155581772656894
