
[data]
trigger-time = 1793273233.027614
injection-file = /work/shashwat.singh/3gsky/dummy-hm/config/injection.hdf

[global]
instruments = E1 E2 E3
mass1_ref = 12.486100076646395
mass2_ref = 3.496108023305086
minchirp = 5.536965188008547
maxchirp = 5.537165188008546
mincov = 37507646102.870766
maxcov = 3750764610287.076
fhigh = 6.141302267865307
