
[data]
trigger-time = 1891762569.9356942
injection-file = /work/shashwat.singh/3gsky/dummy-hm/config/injection.hdf

[global]
instruments = E1 E2 E3
mass1_ref = 9.426988813411857
mass2_ref = 2.639556868435506
minchirp = 4.180376790850402
maxchirp = 4.1805767908504015
mincov = 12489574390.936794
maxcov = 1248957439093.6794
fhigh = 7.320415892491469
