
[data]
trigger-time = 1840247316.0883906
injection-file = /work/shashwat.singh/3gsky/config/injection.hdf

[global]
instruments = E1 E2 E3
mass1_ref = 2.0600890998801153
mass2_ref = 2.0600890991229983
minchirp = 1.7933117260112854
maxchirp = 1.7935117260112854
mincov = 2647563615.7389846
maxcov = 264756361573.89847
fhigh = 12.428271800275294
