
[data]
trigger-time = 1403469840.4806662
injection-file = /work/shashwat.singh/3gsky/config/injection.hdf

[global]
instruments = E1 E2 E3
mass1_ref = 1.8550467198591198
mass2_ref = 1.8550467193839646
minchirp = 1.614811966707161
maxchirp = 1.615011966707161
mincov = 976179265.9245517
maxcov = 97617926592.45517
fhigh = 13.268720252640412
