
[data]
trigger-time = 1130175540.6309123
injection-file = /work/shashwat.singh/3gsky/config/injection.hdf

[global]
instruments = E1 E2 E3
mass1_ref = 2.9398029396383407
mass2_ref = 2.9398029401914796
minchirp = 2.5591471053225265
maxchirp = 2.559347105322527
mincov = 20156737857.733482
maxcov = 2015673785773.3481
fhigh = 9.95447765053808
