
[data]
trigger-time = 1827903175.7485712
injection-file = /work/shashwat.singh/3gsky/config/injection.hdf

[global]
instruments = E1 E2 E3
mass1_ref = 4.625269869754327
mass2_ref = 4.625269871378563
minchirp = 4.02643129121821
maxchirp = 4.02663129121821
mincov = 78783134093.40424
maxcov = 7878313409340.424
fhigh = 7.5016766830840345
