
[data]
trigger-time = 1457849511.9744105
injection-file = /work/shashwat.singh/3gsky/config/injection.hdf

[global]
instruments = E1 E2 E3
mass1_ref = 4.331479911544558
mass2_ref = 4.331479911640297
minchirp = 3.7706722769426335
maxchirp = 3.770872276942634
mincov = 67690339324.7996
maxcov = 6769033932479.96
fhigh = 7.815385335977147
