
[data]
trigger-time = 1393419112.4365153
injection-file = /work/shashwat.singh/3gsky/config/injection.hdf

[global]
instruments = E1 E2 E3
mass1_ref = 4.196351437423056
mass2_ref = 4.196351436488062
minchirp = 3.6530361072301614
maxchirp = 3.653236107230162
mincov = 62633640235.60899
maxcov = 6263364023560.899
fhigh = 7.97155281564809
