
[data]
trigger-time = 1829401919.827236
injection-file = /work/shashwat.singh/3gsky/config/injection.hdf

[global]
instruments = E1 E2 E3
mass1_ref = 4.614732242559316
mass2_ref = 4.614732240715296
minchirp = 4.017257752418143
maxchirp = 4.017457752418142
mincov = 78383813230.66139
maxcov = 7838381323066.139
fhigh = 7.512365834065512
