
[data]
trigger-time = 1122335921.115005
injection-file = /work/shashwat.singh/3gsky/config/injection.hdf

[global]
instruments = E1 E2 E3
mass1_ref = 4.572377411261714
mass2_ref = 4.572377412441755
minchirp = 3.9803857314900015
maxchirp = 3.980585731490002
mincov = 76779519973.93979
maxcov = 7677951997393.9795
fhigh = 7.555732631023823
