
[data]
trigger-time = 1304573355.34662
injection-file = /work/shashwat.singh/3gsky/config/injection.hdf

[global]
instruments = E1 E2 E3
mass1_ref = 2.261247081981023
mass2_ref = 2.261247082559561
minchirp = 1.9684299212221197
maxchirp = 1.9686299212221197
mincov = 5227229433.05607
maxcov = 522722943305.607
fhigh = 11.726165980882977
