
[data]
trigger-time = 1009221101.6698788
injection-file = /work/shashwat.singh/3gsky/config/injection.hdf

[global]
instruments = E1 E2 E3
mass1_ref = 2.381724356192672
mass2_ref = 2.3817243565037782
minchirp = 2.073311480035046
maxchirp = 2.0735114800350463
mincov = 7213179375.766546
maxcov = 721317937576.6547
fhigh = 11.352334421576368
