
[data]
trigger-time = 1988916974.1962013
injection-file = /work/shashwat.singh/3gsky/config/injection.hdf

[global]
instruments = E1 E2 E3
mass1_ref = 4.104797081631454
mass2_ref = 4.104797079538251
minchirp = 3.573333410719429
maxchirp = 3.5735334107194294
mincov = 59232533375.95723
maxcov = 5923253337595.723
fhigh = 8.082083778235083
