
[data]
trigger-time = 1680574374.4444447
injection-file = /work/shashwat.singh/3gsky/config/injection.hdf

[global]
instruments = E1 E2 E3
mass1_ref = 2.387352857038565
mass2_ref = 2.387352856721525
minchirp = 2.0782113743435344
maxchirp = 2.078411374343535
mincov = 7313755999.865013
maxcov = 731375599986.5013
fhigh = 11.335621371695506
