
[data]
trigger-time = 1600954207.2456765
injection-file = /work/shashwat.singh/3gsky/config/injection.hdf

[global]
instruments = E1 E2 E3
mass1_ref = 1.7680827345304309
mass2_ref = 1.768082735385526
minchirp = 1.5391054208718198
maxchirp = 1.5393054208718198
mincov = 542634877.9718118
maxcov = 54263487797.181175
fhigh = 13.67237222972352
