
[data]
trigger-time = 1793273233.027614
injection-file = /work/shashwat.singh/3gsky/config/injection.hdf

[global]
instruments = E1 E2 E3
mass1_ref = 3.496108022623792
mass2_ref = 3.496108023305086
minchirp = 3.0434388087357913
maxchirp = 3.0436388087357917
mincov = 37507646102.870766
maxcov = 3750764610287.076
fhigh = 8.933808712127142
