
[data]
trigger-time = 1821216476.1982603
injection-file = /work/shashwat.singh/3gsky/config/injection.hdf

[global]
instruments = E1 E2 E3
mass1_ref = 4.496818481025758
mass2_ref = 4.496818483323466
minchirp = 3.91460786269753
maxchirp = 3.9148078626975304
mincov = 73921170748.7731
maxcov = 7392117074877.31
fhigh = 7.634739691166497
