
[data]
trigger-time = 1897279944.8193479
injection-file = /work/shashwat.singh/3gsky/config/injection.hdf

[global]
instruments = E1 E2 E3
mass1_ref = 3.8658367843559835
mass2_ref = 3.865836784180437
minchirp = 3.3653063901555673
maxchirp = 3.3655063901555677
mincov = 50485967274.38271
maxcov = 5048596727438.271
fhigh = 8.39042017181456
