
[data]
trigger-time = 1736382703.8385634
injection-file = /work/shashwat.singh/3gsky/config/injection.hdf

[global]
instruments = E1 E2 E3
mass1_ref = 3.589156185040874
mass2_ref = 3.5891561870208624
minchirp = 3.1244419395069407
maxchirp = 3.124641939506941
mincov = 40692859017.123085
maxcov = 4069285901712.3086
fhigh = 8.788521904072917
