
[data]
trigger-time = 1130211789.479595
injection-file = /work/shashwat.singh/3gsky/config/injection.hdf

[global]
instruments = E1 E2 E3
mass1_ref = 3.6363526034499434
mass2_ref = 3.6363526049050057
minchirp = 3.1655288079100283
maxchirp = 3.1657288079100288
mincov = 42331508781.08279
maxcov = 4233150878108.279
fhigh = 8.717144045657028
