
[data]
trigger-time = 1060050205.5508196
injection-file = /work/shashwat.singh/3gsky/config/injection.hdf

[global]
instruments = E1 E2 E3
mass1_ref = 1.8307544402616496
mass2_ref = 1.8307544409070737
minchirp = 1.5936643095075966
maxchirp = 1.5938643095075966
mincov = 839532360.1311351
maxcov = 83953236013.11351
fhigh = 13.37833653339882
