
[data]
trigger-time = 1428747329.1290426
injection-file = /work/shashwat.singh/3gsky/config/injection.hdf

[global]
instruments = E1 E2 E3
mass1_ref = 2.145785264184498
mass2_ref = 2.1457852638475985
minchirp = 1.8679145703016933
maxchirp = 1.8681145703016933
mincov = 3631976599.994406
maxcov = 363197659999.4406
fhigh = 12.116104745451526
