
[data]
trigger-time = 1257302887.2050037
injection-file = /work/shashwat.singh/3gsky/config/injection.hdf

[global]
instruments = E1 E2 E3
mass1_ref = 4.680712309339348
mass2_ref = 4.680712310177024
minchirp = 4.074696737887091
maxchirp = 4.074896737887091
mincov = 80885070529.69229
maxcov = 8088507052969.229
fhigh = 7.446081762760869
