
[data]
trigger-time = 1086969408.9246175
injection-file = /work/shashwat.singh/3gsky/config/injection.hdf

[global]
instruments = E1 E2 E3
mass1_ref = 2.994759270448829
mass2_ref = 2.9947592688543776
minchirp = 2.606989369131492
maxchirp = 2.6071893691314925
mincov = 21710187145.522266
maxcov = 2171018714552.2266
fhigh = 9.840057859942213
