
[data]
trigger-time = 1809891665.4001787
injection-file = /work/shashwat.singh/3gsky/config/injection.hdf

[global]
instruments = E1 E2 E3
mass1_ref = 4.32922057020377
mass2_ref = 4.3292205694872905
minchirp = 3.7687054057121934
maxchirp = 3.768905405712194
mincov = 67605488222.479126
maxcov = 6760548822247.912
fhigh = 7.817931252580104
