
[data]
trigger-time = 1228782333.2019653
injection-file = /work/shashwat.singh/3gsky/config/injection.hdf

[global]
instruments = E1 E2 E3
mass1_ref = 2.8790660277876037
mass2_ref = 2.8790660291458092
minchirp = 2.506272552848426
maxchirp = 2.5064725528484266
mincov = 18490053662.070908
maxcov = 1849005366207.0908
fhigh = 10.085043382511794
