
[data]
trigger-time = 1412276077.3534007
injection-file = /work/shashwat.singh/3gsky/config/injection.hdf

[global]
instruments = E1 E2 E3
mass1_ref = 1.4393193395854391
mass2_ref = 1.4393193397666557
minchirp = 1.2529002619179885
maxchirp = 1.2531002619179885
mincov = 788668.2806587976
maxcov = 78866828.06587976
fhigh = 15.545609481194282
