
[data]
trigger-time = 1372028902.1738343
injection-file = /work/shashwat.singh/3gsky/config/injection.hdf

[global]
instruments = E1 E2 E3
mass1_ref = 1.4910975925548955
mass2_ref = 1.4910975923517122
minchirp = 1.2979758490397182
maxchirp = 1.2981758490397182
mincov = 9552381.943688303
maxcov = 955238194.3688303
fhigh = 15.206454832511609
