
[data]
trigger-time = 1766560126.5709066
injection-file = /work/shashwat.singh/3gsky/config/injection.hdf

[global]
instruments = E1 E2 E3
mass1_ref = 3.2273050423213645
mass2_ref = 3.2273050407399797
minchirp = 2.8094322218329477
maxchirp = 2.809632221832948
mincov = 28709806761.82082
maxcov = 2870980676182.082
fhigh = 9.391280159932752
