
[data]
trigger-time = 1193253732.286461
injection-file = /work/shashwat.singh/3gsky/config/injection.hdf

[global]
instruments = E1 E2 E3
mass1_ref = 2.1197243467124194
mass2_ref = 2.119724345977974
minchirp = 1.8452272237433196
maxchirp = 1.8454272237433196
mincov = 3314531309.4518213
maxcov = 331453130945.1821
fhigh = 12.208866399870951
