
[data]
trigger-time = 1377641918.5740802
injection-file = /work/shashwat.singh/3gsky/config/injection.hdf

[global]
instruments = E1 E2 E3
mass1_ref = 2.4940705971999875
mass2_ref = 2.4940705957317193
minchirp = 2.1711145626536488
maxchirp = 2.171314562653649
mincov = 9347590223.636189
maxcov = 934759022363.6188
fhigh = 11.030393663221224
