
[data]
trigger-time = 1601051891.1325102
injection-file = /work/shashwat.singh/3gsky/config/injection.hdf

[global]
instruments = E1 E2 E3
mass1_ref = 4.298450490388194
mass2_ref = 4.2984504896268385
minchirp = 3.741918495376544
maxchirp = 3.7421184953765443
mincov = 66450839183.85934
maxcov = 6645083918385.934
fhigh = 7.852820376471937
