
[data]
trigger-time = 1878466178.426663
injection-file = /work/shashwat.singh/3gsky/config/injection.hdf

[global]
instruments = E1 E2 E3
mass1_ref = 4.029904932203186
mass2_ref = 4.0299049319795595
minchirp = 3.508136008661973
maxchirp = 3.5083360086619733
mincov = 56468888469.75459
maxcov = 5646888846975.459
fhigh = 8.175519800981593
