
[data]
trigger-time = 1458724229.1898637
injection-file = /work/shashwat.singh/3gsky/config/injection.hdf

[global]
instruments = E1 E2 E3
mass1_ref = 4.443820160930429
mass2_ref = 4.4438201617570705
minchirp = 3.868470144644474
maxchirp = 3.8686701446444745
mincov = 71919815267.78128
maxcov = 7191981526778.127
fhigh = 7.691454983540441
