
[data]
trigger-time = 1569271399.7012885
injection-file = /work/shashwat.singh/3gsky/config/injection.hdf

[global]
instruments = E1 E2 E3
mass1_ref = 4.100975023833378
mass2_ref = 4.100975024422596
minchirp = 3.570006117317955
maxchirp = 3.5702061173179556
mincov = 59091065101.2724
maxcov = 5909106510127.24
fhigh = 8.086785043621239
