
[data]
trigger-time = 1538147517.1399584
injection-file = /work/shashwat.singh/3gsky/config/injection.hdf

[global]
instruments = E1 E2 E3
mass1_ref = 2.126743703946406
mass2_ref = 2.1267437044232844
minchirp = 1.8513379296646026
maxchirp = 1.8515379296646026
mincov = 3398479607.697846
maxcov = 339847960769.7846
fhigh = 12.183700058620964
