
[data]
trigger-time = 1952643936.770624
injection-file = /work/shashwat.singh/3gsky/config/injection.hdf

[global]
instruments = E1 E2 E3
mass1_ref = 3.2469815944305056
mass2_ref = 3.2469815950476586
minchirp = 2.826561656312255
maxchirp = 2.8267616563122555
mincov = 29330506189.39112
maxcov = 2933050618939.112
fhigh = 9.355715693912577
