
[data]
trigger-time = 1069033341.617254
injection-file = /work/shashwat.singh/3gsky/config/injection.hdf

[global]
instruments = E1 E2 E3
mass1_ref = 3.972266507567108
mass2_ref = 3.972266505455705
minchirp = 3.457958844805832
maxchirp = 3.4581588448058325
mincov = 54354980556.797134
maxcov = 5435498055679.713
fhigh = 8.249372261323376
