
[data]
trigger-time = 1321142031.4649594
injection-file = /work/shashwat.singh/3gsky/config/injection.hdf

[global]
instruments = E1 E2 E3
mass1_ref = 3.735517570166656
mass2_ref = 3.7355175719483555
minchirp = 3.251856925686681
maxchirp = 3.2520569256866816
mincov = 45819814107.36491
maxcov = 4581981410736.49
fhigh = 8.571962276958649
