
[data]
trigger-time = 1049195157.7737286
injection-file = /work/shashwat.singh/3gsky/config/injection.hdf

[global]
instruments = E1 E2 E3
mass1_ref = 2.9336304357272898
mass2_ref = 2.933630435553636
minchirp = 2.5537736282494587
maxchirp = 2.553973628249459
mincov = 19984907040.590065
maxcov = 1998490704059.0066
fhigh = 9.967546007806419
