
[data]
trigger-time = 1802775936.3482466
injection-file = /work/shashwat.singh/3gsky/config/injection.hdf

[global]
instruments = E1 E2 E3
mass1_ref = 1.705823569011412
mass2_ref = 1.7058235693779187
minchirp = 1.484905669046221
maxchirp = 1.485105669046221
mincov = 322188482.8676454
maxcov = 32218848286.764534
fhigh = 13.981726993895846
