
[data]
trigger-time = 1046739227.161395
injection-file = /work/shashwat.singh/3gsky/config/injection.hdf

[global]
instruments = E1 E2 E3
mass1_ref = 2.0073907274625906
mass2_ref = 2.00739072719115
minchirp = 1.7474351284298233
maxchirp = 1.7476351284298233
mincov = 2126886029.0297961
maxcov = 212688602902.9796
fhigh = 12.63092113569863
