
[data]
trigger-time = 1913581731.5706744
injection-file = /work/shashwat.singh/3gsky/config/injection.hdf

[global]
instruments = E1 E2 E3
mass1_ref = 2.773900499039039
mass2_ref = 2.773900498770072
minchirp = 2.4147206418487603
maxchirp = 2.4149206418487608
mincov = 15737538616.46629
maxcov = 1573753861646.629
fhigh = 10.322029753097063
