
[data]
trigger-time = 1543465038.474916
injection-file = /work/shashwat.singh/3gsky/config/injection.hdf

[global]
instruments = E1 E2 E3
mass1_ref = 4.021045194991457
mass2_ref = 4.021045194946233
minchirp = 3.500423159519301
maxchirp = 3.5006231595193014
mincov = 56143178871.24186
maxcov = 5614317887124.186
fhigh = 8.18675994564081
