
[data]
trigger-time = 1337754646.8851836
injection-file = /work/shashwat.singh/3gsky/config/injection.hdf

[global]
instruments = E1 E2 E3
mass1_ref = 3.957332532929399
mass2_ref = 3.957332533548186
minchirp = 3.4449580659611088
maxchirp = 3.445158065961109
mincov = 53809292375.61961
maxcov = 5380929237561.961
fhigh = 8.268791760670274
