
[data]
trigger-time = 1317001562.305788
injection-file = /work/shashwat.singh/3gsky/config/injection.hdf

[global]
instruments = E1 E2 E3
mass1_ref = 1.8854214987704123
mass2_ref = 1.8854214982583544
minchirp = 1.641254747582319
maxchirp = 1.641454747582319
mincov = 1164661979.5642877
maxcov = 116466197956.42876
fhigh = 13.134893309829925
