
[data]
trigger-time = 1274294819.015396
injection-file = /work/shashwat.singh/3gsky/config/injection.hdf

[global]
instruments = E1 E2 E3
mass1_ref = 4.217022928570063
mass2_ref = 4.217022929333528
minchirp = 3.6710316862316565
maxchirp = 3.671231686231657
mincov = 63404583423.82002
maxcov = 6340458342382.002
fhigh = 7.947137065983842
