
[data]
trigger-time = 1891762569.9356942
injection-file = /work/shashwat.singh/3gsky/config/injection.hdf

[global]
instruments = E1 E2 E3
mass1_ref = 2.6395568687286897
mass2_ref = 2.639556868435506
minchirp = 2.297767718796299
maxchirp = 2.2979677187962992
mincov = 12489574390.936794
maxcov = 1248957439093.6794
fhigh = 10.646880541899648
