
[data]
trigger-time = 1963900522.8382828
injection-file = /work/shashwat.singh/3gsky/config/injection.hdf

[global]
instruments = E1 E2 E3
mass1_ref = 3.287540999032512
mass2_ref = 3.287540998883109
minchirp = 2.8618706685018243
maxchirp = 2.8620706685018247
mincov = 30622520843.09507
maxcov = 3062252084309.507
fhigh = 9.283498888781947
