
[data]
trigger-time = 1864479193.8019533
injection-file = /work/shashwat.singh/3gsky/config/injection.hdf

[global]
instruments = E1 E2 E3
mass1_ref = 3.416217104011201
mass2_ref = 3.416217106068896
minchirp = 2.9738897251344683
maxchirp = 2.9740897251344687
mincov = 34825720100.70097
maxcov = 3482572010070.097
fhigh = 9.063655760153246
