
[data]
trigger-time = 1297484096.9759219
injection-file = /work/shashwat.singh/3gsky/config/injection.hdf

[global]
instruments = E1 E2 E3
mass1_ref = 3.2512689775942167
mass2_ref = 3.251268979853707
minchirp = 2.830294040855359
maxchirp = 2.8304940408553594
mincov = 29466287792.44697
maxcov = 2946628779244.6973
fhigh = 9.348012873782153
