
[data]
trigger-time = 1930915835.8477516
injection-file = /work/shashwat.singh/3gsky/config/injection.hdf

[global]
instruments = E1 E2 E3
mass1_ref = 4.764466036309399
mass2_ref = 4.764466035601206
minchirp = 4.14760859140614
maxchirp = 4.1478085914061396
mincov = 84062402831.57216
maxcov = 8406240283157.216
fhigh = 7.364095952004673
