
[data]
trigger-time = 1784866718.276947
injection-file = /work/shashwat.singh/3gsky/config/injection.hdf

[global]
instruments = E1 E2 E3
mass1_ref = 3.23713965342294
mass2_ref = 3.237139652256732
minchirp = 2.8179937482479387
maxchirp = 2.818193748247939
mincov = 29019533678.1804
maxcov = 2901953367818.04
fhigh = 9.373460770043357
