
[data]
trigger-time = 1644326615.0414171
injection-file = /work/shashwat.singh/3gsky/config/injection.hdf

[global]
instruments = E1 E2 E3
mass1_ref = 3.301290505834035
mass2_ref = 3.301290506203282
minchirp = 2.8738403096186893
maxchirp = 2.8740403096186897
mincov = 31064243524.618114
maxcov = 3106424352461.8115
fhigh = 9.259345135964397
