
[data]
trigger-time = 1794309061.8265343
injection-file = /work/shashwat.singh/3gsky/dummy-hm/config/injection.hdf

[global]
instruments = E1 E2 E3
mass1_ref = 10.578146434160871
mass2_ref = 2.9618810027570808
minchirp = 4.690867236417315
maxchirp = 4.6910672364173145
mincov = 20775771044.922962
maxcov = 2077577104492.2961
fhigh = 6.811905630886112
