
[data]
trigger-time = 1864479193.8019533
injection-file = /work/shashwat.singh/3gsky/dummy-hm/config/injection.hdf

[global]
instruments = E1 E2 E3
mass1_ref = 12.200775370497169
mass2_ref = 3.416217106068896
minchirp = 5.410435568496085
maxchirp = 5.410635568496085
mincov = 34825720100.70097
maxcov = 3482572010070.097
fhigh = 6.230675622442164
