
[data]
trigger-time = 1321142031.4649594
injection-file = /work/shashwat.singh/3gsky/dummy-hm/config/injection.hdf

[global]
instruments = E1 E2 E3
mass1_ref = 13.34113417695445
mass2_ref = 3.7355175719483555
minchirp = 5.916137189438283
maxchirp = 5.916337189438282
mincov = 45819814107.36491
maxcov = 4581981410736.49
fhigh = 5.892245138302548
