
[data]
trigger-time = 1627561852.7056289
injection-file = /work/shashwat.singh/3gsky/dummy-hm/config/injection.hdf

[global]
instruments = E1 E2 E3
mass1_ref = 11.267767101858427
mass2_ref = 3.1549747895449407
minchirp = 4.9966852713231
maxchirp = 4.9968852713231
mincov = 26464089802.60041
maxcov = 2646408980260.041
fhigh = 6.548287846588489
