
[data]
trigger-time = 1009221101.6698788
injection-file = /work/shashwat.singh/3gsky/dummy-hm/config/injection.hdf

[global]
instruments = E1 E2 E3
mass1_ref = 8.506158414268427
mass2_ref = 2.3817243565037782
minchirp = 3.7720268724411463
maxchirp = 3.7722268724411467
mincov = 7213179375.766546
maxcov = 721317937576.6547
fhigh = 7.805987856681719
