
[data]
trigger-time = 1310283706.940119
injection-file = /work/shashwat.singh/3gsky/dummy-hm/config/injection.hdf

[global]
instruments = E1 E2 E3
mass1_ref = 16.751375772413862
mass2_ref = 4.690385217529081
minchirp = 7.428437258061585
maxchirp = 7.428637258061585
mincov = 81251927568.4927
maxcov = 8125192756849.27
fhigh = 5.110716429519606
