
[data]
trigger-time = 1396441878.8784504
injection-file = /work/shashwat.singh/3gsky/dummy-hm/config/injection.hdf

[global]
instruments = E1 E2 E3
mass1_ref = 11.557386223655712
mass2_ref = 3.236068143035424
minchirp = 5.125119285148916
maxchirp = 5.125319285148915
mincov = 28985738652.36085
maxcov = 2898573865236.085
fhigh = 6.445247594754015
