
[data]
trigger-time = 1405379288.429569
injection-file = /work/shashwat.singh/3gsky/dummy-hm/config/injection.hdf

[global]
instruments = E1 E2 E3
mass1_ref = 7.916128654845061
mass2_ref = 2.2165160237561743
minchirp = 3.5103732559413205
maxchirp = 3.510573255941321
mincov = 4572861318.199053
maxcov = 457286131819.9053
fhigh = 8.164585666613261
