
[data]
trigger-time = 1844618861.1438506
injection-file = /work/shashwat.singh/3gsky/dummy-hm/config/injection.hdf

[global]
instruments = E1 E2 E3
mass1_ref = 16.269328586362825
mass2_ref = 4.555412005536642
minchirp = 7.214669414253459
maxchirp = 7.214869414253458
mincov = 76137286069.51756
maxcov = 7613728606951.757
fhigh = 5.204869655720426
