
[data]
trigger-time = 1783964286.9589877
injection-file = /work/shashwat.singh/3gsky/dummy-hm/config/injection.hdf

[global]
instruments = E1 E2 E3
mass1_ref = 10.560527744574856
mass2_ref = 2.9569477686242474
minchirp = 4.683054080694247
maxchirp = 4.683254080694247
mincov = 20636855947.06142
maxcov = 2063685594706.142
fhigh = 6.819005398930537
