
[data]
trigger-time = 1130175540.6309123
injection-file = /work/shashwat.singh/3gsky/dummy-hm/config/injection.hdf

[global]
instruments = E1 E2 E3
mass1_ref = 10.499296212580685
mass2_ref = 2.9398029401914796
minchirp = 4.655900447754332
maxchirp = 4.656100447754332
mincov = 20156737857.733482
maxcov = 2015673785773.3481
fhigh = 6.843829984882394
