
[data]
trigger-time = 1898024308.8495154
injection-file = /work/shashwat.singh/3gsky/dummy-hm/config/injection.hdf

[global]
instruments = E1 E2 E3
mass1_ref = 16.658427524801525
mass2_ref = 4.664359708585784
minchirp = 7.387218583010072
maxchirp = 7.387418583010072
mincov = 80264960954.48235
maxcov = 8026496095448.234
fhigh = 5.128526312522079
