
[data]
trigger-time = 1355772342.8236632
injection-file = /work/shashwat.singh/3gsky/dummy-hm/config/injection.hdf

[global]
instruments = E1 E2 E3
mass1_ref = 5.0744479160225575
mass2_ref = 1.4208454169198441
minchirp = 2.250206238794978
maxchirp = 2.2504062387949784
mincov = 118616.61974891173
maxcov = 11861661.974891173
fhigh = 10.778920524535891
