
[data]
trigger-time = 1880792060.6135406
injection-file = /work/shashwat.singh/3gsky/dummy-hm/config/injection.hdf

[global]
instruments = E1 E2 E3
mass1_ref = 16.955117322917655
mass2_ref = 4.74743285352112
minchirp = 7.518788149032349
maxchirp = 7.5189881490323485
mincov = 83416097960.40291
maxcov = 8341609796040.291
fhigh = 5.072233060534052
