
[data]
trigger-time = 1393419112.4365153
injection-file = /work/shashwat.singh/3gsky/dummy-hm/config/injection.hdf

[global]
instruments = E1 E2 E3
mass1_ref = 14.986969413839102
mass2_ref = 4.196351436488062
minchirp = 6.645996546408752
maxchirp = 6.646196546408752
mincov = 62633640235.60899
maxcov = 6263364023560.899
fhigh = 5.478989470384566
