
[data]
trigger-time = 1458724229.1898637
injection-file = /work/shashwat.singh/3gsky/dummy-hm/config/injection.hdf

[global]
instruments = E1 E2 E3
mass1_ref = 15.870786286465139
mass2_ref = 4.4438201617570705
minchirp = 7.0379325085415845
maxchirp = 7.038132508541584
mincov = 71919815267.78128
maxcov = 7191981526778.127
fhigh = 5.286202528194423
