
[data]
trigger-time = 1965946251.5078151
injection-file = /work/shashwat.singh/3gsky/dummy-hm/config/injection.hdf

[global]
instruments = E1 E2 E3
mass1_ref = 12.97437814419228
mass2_ref = 3.632825882214844
minchirp = 5.753496168254808
maxchirp = 5.753696168254807
mincov = 42208557876.76845
maxcov = 4220855787676.8447
fhigh = 5.995808230963821
