
[data]
trigger-time = 1049195157.7737286
injection-file = /work/shashwat.singh/3gsky/dummy-hm/config/injection.hdf

[global]
instruments = E1 E2 E3
mass1_ref = 10.47725155178358
mass2_ref = 2.933630435553636
minchirp = 4.64612455945797
maxchirp = 4.64632455945797
mincov = 19984907040.590065
maxcov = 1998490704059.0066
fhigh = 6.852825046171764
