
[data]
trigger-time = 1058822368.101847
injection-file = /work/shashwat.singh/3gsky/dummy-hm/config/injection.hdf

[global]
instruments = E1 E2 E3
mass1_ref = 14.10913775675886
mass2_ref = 3.950558571564575
minchirp = 6.256714778007179
maxchirp = 6.256914778007179
mincov = 53562058418.2182
maxcov = 5356205841821.82
fhigh = 5.6896653670637924
