
[data]
trigger-time = 1297484096.9759219
injection-file = /work/shashwat.singh/3gsky/dummy-hm/config/injection.hdf

[global]
instruments = E1 E2 E3
mass1_ref = 11.611674919825873
mass2_ref = 3.251268979853707
minchirp = 5.149194061782909
maxchirp = 5.149394061782909
mincov = 29466287792.44697
maxcov = 2946628779244.6973
fhigh = 6.426398380709888
