
[data]
trigger-time = 1645227745.6840332
injection-file = /work/shashwat.singh/3gsky/dummy-hm/config/injection.hdf

[global]
instruments = E1 E2 E3
mass1_ref = 15.569789718890874
mass2_ref = 4.359541121676697
minchirp = 6.904453069960991
maxchirp = 6.9046530699609905
mincov = 68744942873.2245
maxcov = 6874494287322.45
fhigh = 5.34986087415898
