
[data]
trigger-time = 1865552618.227283
injection-file = /work/shashwat.singh/3gsky/dummy-hm/config/injection.hdf

[global]
instruments = E1 E2 E3
mass1_ref = 7.057612190007104
mass2_ref = 1.9761314134039436
minchirp = 3.129656971241954
maxchirp = 3.1298569712419546
mincov = 1848261942.9343333
maxcov = 184826194293.43335
fhigh = 8.77164284702635
