
[data]
trigger-time = 1288253138.7922163
injection-file = /work/shashwat.singh/3gsky/dummy-hm/config/injection.hdf

[global]
instruments = E1 E2 E3
mass1_ref = 16.12523026052714
mass2_ref = 4.515064474784038
minchirp = 7.150767810613578
maxchirp = 7.150967810613578
mincov = 74610912482.4146
maxcov = 7461091248241.46
fhigh = 5.233899743934913
