
[data]
trigger-time = 1821216476.1982603
injection-file = /work/shashwat.singh/3gsky/dummy-hm/config/injection.hdf

[global]
instruments = E1 E2 E3
mass1_ref = 16.06006600235647
mass2_ref = 4.496818483323466
minchirp = 7.121870177725881
maxchirp = 7.12207017772588
mincov = 73921170748.7731
maxcov = 7392117074877.31
fhigh = 5.247166488992521
