
[data]
trigger-time = 1736382703.8385634
injection-file = /work/shashwat.singh/3gsky/dummy-hm/config/injection.hdf

[global]
instruments = E1 E2 E3
mass1_ref = 12.818414945278224
mass2_ref = 3.5891561870208624
minchirp = 5.684332987738754
maxchirp = 5.684532987738754
mincov = 40692859017.123085
maxcov = 4069285901712.3086
fhigh = 6.04130198818399
