
[data]
trigger-time = 1384121849.1535695
injection-file = /work/shashwat.singh/3gsky/dummy-hm/config/injection.hdf

[global]
instruments = E1 E2 E3
mass1_ref = 15.443479375615455
mass2_ref = 4.3241742258267175
minchirp = 6.848439695312479
maxchirp = 6.848639695312478
mincov = 67416002935.07506
maxcov = 6741600293507.506
fhigh = 5.377173255836204
