
[data]
trigger-time = 1368026680.8354595
injection-file = /work/shashwat.singh/3gsky/dummy-hm/config/injection.hdf

[global]
instruments = E1 E2 E3
mass1_ref = 14.606825061699572
mass2_ref = 4.0899110193842025
minchirp = 6.477418365178096
maxchirp = 6.477618365178095
mincov = 58681795342.4035
maxcov = 5868179534240.351
fhigh = 5.56769686731426
