
[data]
trigger-time = 1337754646.8851836
injection-file = /work/shashwat.singh/3gsky/dummy-hm/config/injection.hdf

[global]
instruments = E1 E2 E3
mass1_ref = 14.133330469557006
mass2_ref = 3.957332533548186
minchirp = 6.267443240327509
maxchirp = 6.267643240327509
mincov = 53809292375.61961
maxcov = 5380929237561.961
fhigh = 5.68357539100161
