
[data]
trigger-time = 1122335921.115005
injection-file = /work/shashwat.singh/3gsky/dummy-hm/config/injection.hdf

[global]
instruments = E1 E2 E3
mass1_ref = 16.329919323386942
mass2_ref = 4.572377412441755
minchirp = 7.241538882258366
maxchirp = 7.241738882258366
mincov = 76779519973.93979
maxcov = 7677951997393.9795
fhigh = 5.192787441648953
